9 9 9 (9 symboles, 9 lignes, 9 colonnes -> dans le desordre)
g sudoku (Type du sudoku, mais on s'en fiche un peu)


  C'est un sudoku 9x9
|5|7|1|9|8|6|2|4|3|
|9|6|8|4|3|2|7|1|5|
|4|2|3|7|5|1|8|6|9|
|1|4|7|2|6|5|3|9|8| 
|6|3|9|1|7|8|4|5|2|
|8|5|2|3|9|4|1|7|6|
|7|9|6|8|1|3|5|2|4|
|2|8|5|6|4|7|9|3|1|
|3|1|4|5|2|9|6|8|7|

Cela correspond aux colonnes
u (1,1) (1,2) (1,3) (1,4) (1,5) (1,6) (1,7) (1,8) (1,9) 
u (2,1) (2,2) (2,3) (2,4) (2,5) (2,6) (2,7) (2,8) (2,9) 
u (3,1) (3,2) (3,3) (3,4) (3,5) (3,6) (3,7) (3,8) (3,9) 
u (4,1) (4,2) (4,3) (4,4) (4,5) (4,6) (4,7) (4,8) (4,9) 
u (5,1) (5,2) (5,3) (5,4) (5,5) (5,6) (5,7) (5,8) (5,9) 
u (6,1) (6,2) (6,3) (6,4) (6,5) (6,6) (6,7) (6,8) (6,9) 
u (7,1) (7,2) (7,3) (7,4) (7,5) (7,6) (7,7) (7,8) (7,9) 
u (8,1) (8,2) (8,3) (8,4) (8,5) (8,6) (8,7) (8,8) (8,9) 
u (9,1) (9,2) (9,3) (9,4) (9,5) (9,6) (9,7) (9,8) (9,9)

Cela correspond aux lignes 
u (1,1) (2,1) (3,1) (4,1) (5,1) (6,1) (7,1) (8,1) (9,1) 
u (1,2) (2,2) (3,2) (4,2) (5,2) (6,2) (7,2) (8,2) (9,2) 
u (1,3) (2,3) (3,3) (4,3) (5,3) (6,3) (7,3) (8,3) (9,3) 
u (1,4) (2,4) (3,4) (4,4) (5,4) (6,4) (7,4) (8,4) (9,4) 
u (1,5) (2,5) (3,5) (4,5) (5,5) (6,5) (7,5) (8,5) (9,5) 
u (1,6) (2,6) (3,6) (4,6) (5,6) (6,6) (7,6) (8,6) (9,6) 
u (1,7) (2,7) (3,7) (4,7) (5,7) (6,7) (7,7) (8,7) (9,7) 
u (1,8) (2,8) (3,8) (4,8) (5,8) (6,8) (7,8) (8,8) (9,8) 
u (1,9) (2,9) (3,9) (4,9) (5,9) (6,9) (7,9) (8,9) (9,9)

Cela correspond aux bloc de 9 cases 
u (1,1) (1,2) (1,3) (2,1) (2,2) (2,3) (3,1) (3,2) (3,3) 
u (1,4) (1,5) (1,6) (2,4) (2,5) (2,6) (3,4) (3,5) (3,6) 
u (1,7) (1,8) (1,9) (2,7) (2,8) (2,9) (3,7) (3,8) (3,9) 
u (4,1) (4,2) (4,3) (5,1) (5,2) (5,3) (6,1) (6,2) (6,3) 
u (4,4) (4,5) (4,6) (5,4) (5,5) (5,6) (6,4) (6,5) (6,6) 
u (4,7) (4,8) (4,9) (5,7) (5,8) (5,9) (6,7) (6,8) (6,9) 
u (7,1) (7,2) (7,3) (8,1) (8,2) (8,3) (9,1) (9,2) (9,3) 
u (7,4) (7,5) (7,6) (8,4) (8,5) (8,6) (9,4) (9,5) (9,6) 
u (7,7) (7,8) (7,9) (8,7) (8,8) (8,9) (9,7) (9,8) (9,9) 

s 13 (1,1) (2,1) (3,1)
s 13 (4,1) (4,2)
s 11 (5,1) (5,2)
s 8 (6,1) (6,2)
s 9 (7,1) (8,1) (9,1)
s 15 (1,2) (2,2)
s 11 (3,2) (3,3)
s 16 (7,2) (7,3) (8,2)
s 20 (9,2) (9,3) (8,3)
s 5 (1,3) (1,4)
s 6 (2,3) (2,4)
s 9 (4,3) (4,4)
s 11 (5,3) (5,4)
s 6 (6,3) (6,4)
s 16 (3,4) (3,5)
s 17 (7,4) (8,4) (8,5)
s 10 (9,4) (9,5)
s 14 (1,5) (1,6)
s 10 (2,5) (2,6) (3,6)
s 16 (4,5) (5,5) (6,5)
s 5 (7,5) (7,6)
s 11 (4,6) (4,7)
s 10 (5,6) (5,7)
s 7 (6,6) (6,7)
s 9 (8,6) (8,7)
s 10 (9,6) (9,7)
s 18 (1,7) (1,8) (2,7)
s 19 (2,8) (3,7) (3,8)
s 14 (7,7) (7,8)
s 11 (4,8) (4,9)
s 6 (5,8) (5,9)
s 16 (6,8) (6,9)
s 4 (8,8) (9,8)
s 8 (1,9) (2,9) (3,9)
s 21 (7,9) (8,9) (9,9) 

