9 9 9 
g jigsaw 
u (1,1) (1,2) (1,3) (1,4) (2,1) (2,2) (2,4) (3,1) (3,2)
u (5,1) (6,1) (7,1) (8,1) (9,1) (7,2) (8,2) (9,2) (9,3)
u (4,1) (4,2) (5,2) (6,2) (6,3) (7,3) (8,3) (8,4) (9,4)
u (2,3) (3,3) (4,3) (5,3) (3,4) (1,5) (2,5) (3,5) (4,5)
u (4,4) (5,4) (6,4) (7,4) (5,5) (3,6) (4,6) (5,6) (6,6)
u (6,5) (7,5) (8,5) (9,5) (7,6) (5,7) (6,7) (7,7) (8,7)
u (1,7) (1,8) (2,8) (3,8) (1,9) (2,9) (3,9) (4,9) (5,9)
u (1,6) (2,6) (2,7) (3,7) (4,7) (4,8) (5,8) (6,8) (6,9)
u (8,6) (9,6) (9,7) (7,8) (8,8) (9,8) (7,9) (8,9) (9,9)

s 3 (1,1)
s 4 (9,1)
s 2 (3,2)
s 6 (5,2)
s 1 (7,2)
s 1 (2,3)
s 9 (4,3)
s 8 (6,3)
s 2 (8,3)
s 5 (3,4)
s 6 (7,4)
s 2 (2,5)
s 1 (8,5)
s 9 (3,6)
s 8 (7,6)
s 8 (2,7)
s 3 (4,7)
s 4 (6,7)
s 6 (8,7)
s 4 (3,8)
s 1 (5,8)
s 9 (7,8)
s 5 (1,9)
s 7 (9,9)
